PAO000PAO	46	4	4.246410773462618e-01	6.169739547746497e+00
PAO191110	166	13	-1.190556600458497e-01	4.696263329701919e+00
PAO070114	165	13	7.273089226018645e-01	5.288042249877174e+00
PAO200611	155	12	-2.955898213683201e-01	4.507762407688940e+00
PAO141021	155	12	-2.827300465530801e-01	4.320798677098370e+00
PAO180812	147	12	3.369655923717113e-01	3.909518478229049e+00
PAO080925	140	11	-6.472982500379842e-02	6.374966804529487e-01
PAO190428	133	11	-2.171063912505010e-01	6.139275447758170e+00
PAO171228	132	11	-2.695065555459377e-01	4.461966494327847e+00
PAO140306	131	10	-6.962674829602171e-01	1.397152633682516e+00
PAO050705	127	10	-8.634795536375681e-01	3.136358223030157e+00
PAO150825	125	10	-3.672256764549203e-01	6.085959282725563e+00
PAO080118	124	10	-1.228335842124809e+00	8.263543635815961e-01
PAO160127	122	10	4.045710623057920e-01	5.028927614496419e+00
PAO160121	122	10	3.279750214618820e-01	5.864301091634387e+00
PAO110127	116	9	5.936029598265506e-01	4.347940143945901e+00
PAO160309	115	9	5.852987819522022e-01	4.402589654946143e+00
PAO150926	113	14	-1.297170357480525e+00	2.730703644480897e+00
PAO161024	111	9	-7.839681482534452e-01	1.636546900751090e+00
PAO200306	110	9	7.446866951578779e-02	4.544319000178723e+00
PAO180624	110	9	-4.305656385424710e-01	3.325670808510822e-01
PAO111228	108	9	-7.477395640221812e-01	5.496904880317142e+00
PAO190303	108	9	-1.388167954461003e-01	5.246711944487213e+00
PAO150523	107	9	-5.749681450327169e-01	4.505834814011428e+00
PAO181203	107	9	-7.516703372271992e-01	3.920330826443878e+00
PAO141225	107	9	-5.066981066476811e-01	7.593604144983074e-01
PAO150327	106	8	-8.701349270248910e-01	8.532847447009569e-01
PAO140422	106	8	6.180714971125776e-01	4.710104391923688e+00
PAO151201	105	8	1.812250626047759e-02	5.089627171240060e+00
PAO120321	104	8	-6.125974748210116e-01	5.735269433616918e+00
PAO200313	104	12	-3.307039614495579e-01	5.050569415051090e+00
PAO200127	103	8	-3.345350608875727e-01	4.266483500164089e+00
PAO160816	102	8	3.923125711564186e-01	5.752380241578438e+00
PAO191206	101	8	1.050516503700204e+00	5.785294577755173e+00
PAO101011	101	8	-1.679875272963886e-01	5.433065608969843e+00
PAO180805	101	8	5.024535900143416e-01	5.842767783538282e+00
PAO200502	100	8	-1.090824789331551e+00	4.248321665630055e+00
PAO060705	97	8	-8.257018036850017e-01	1.541806229404765e+00
PAO170323	96	8	-7.983590053449103e-01	4.248002493566796e+00
PAO160318	96	8	-6.550579911321036e-01	3.786457615983269e+00
PAO080921	96	8	-2.256590908918614e-01	4.602277342937255e+00
PAO170528	95	8	-6.133925914449938e-01	4.459188623666936e+00
PAO190722	94	7	2.015276040024698e-01	4.983480195158685e+00
PAO071210	94	7	-3.899895786816526e-01	3.662204231364606e+00
PAO110722	93	7	-2.317667507685044e-01	4.708713986009307e+00
PAO141220	93	7	-8.009054812539768e-01	5.300139174832080e-01
PAO070713	92	7	-8.618825298596809e-01	2.143040962053787e-01
PAO130905	92	7	1.450592795848475e-01	4.845334146049557e+00
PAO181122	92	7	7.104207630740018e-01	5.789269232202680e+00
PAO191225	92	7	-1.121739926123488e+00	4.625880688070598e+00
PAO091002	93	11	-4.514147672853195e-01	5.777041242264914e+00
PAO171227	91	7	-5.586687571130934e-01	2.831790886470313e-01
PAO180623	91	7	-4.424128334299874e-01	5.468800780077755e+00
PAO110809	91	7	1.533179196336985e-01	4.572712358292506e+00
PAO041204	90	7	-2.915387318753896e-01	5.800145193372606e+00
PAO100501	90	7	-3.391908744918088e-01	4.952284868325356e+00
PAO091021	90	7	4.267443073335644e-01	5.570216923456570e+00
PAO191021	90	7	-5.148168653148755e-02	4.763915871041847e+00
PAO201024	90	11	-3.987172101836490e-01	4.491949401703859e+00
PAO140921	89	7	-2.230181536396331e-01	4.986160418751952e+00
PAO110416	91	11	-2.325541719130598e-01	1.034263190851482e+00
PAO201208	90	11	1.998811677998628e-01	3.288538362733900e+00
PAO130514	88	7	2.675216752871963e-01	3.981676478483426e+00
PAO110910	88	7	-2.325152003095279e-01	1.267492378191700e-01
PAO080110	87	10	3.454299219871022e-01	7.806255836453444e-01
PAO120610	87	7	-1.353050564767544e+00	3.581952314775005e+00
PAO180930	86	10	-7.977275293493363e-01	2.239813146558237e+00
PAO040521	86	7	4.824950123281425e-01	5.396044024053501e+00
PAO190421	86	7	1.621635988162266e-01	5.756867234649609e+00
PAO090613	86	7	-1.300898233777873e+00	4.745331939019064e+00
PAO180316	86	7	-9.943453901914402e-01	9.872459883545180e-02
PAO131024	85	7	-2.275775053001402e-01	5.149709755147587e+00
PAO100826	85	7	4.900592485392965e-01	5.886723106215129e+00
PAO171224	85	7	-1.382374340000448e+00	6.017071066241920e+00
PAO200807	84	7	-3.228573324976734e-01	5.945896855944389e+00
PAO060507	46	4	4.246410773462618e-01	6.169739547746497e+00
PAO130711	83	7	-6.260376336779988e-01	4.001025766107495e-02
PAO200520	83	10	-8.512962656667481e-01	5.904690576334321e+00
PAO100528	83	7	-3.043577570262949e-01	3.798372448801941e+00
PAO180601	83	7	-2.566504505683885e-01	1.650694965382554e-01
PAO170406	83	7	2.918509655142044e-01	5.221885482788206e+00
PAO051103	83	7	-1.734867998861502e-01	4.463323578395650e+00
PAO180614	82	7	-9.684661841259036e-01	5.557730307197460e+00
PAO090221	82	7	5.086099449248519e-01	5.463929938681876e+00
PAO100815	82	7	-4.374778854157545e-01	1.242010976899874e+00
PAO180107	82	7	-9.847398494608470e-01	2.867547233886164e+00
PAO090622	82	7	-1.695213760060592e-01	4.540781128528495e-03
PAO060105	82	7	-1.166636633263749e+00	2.415532034013484e+00
PAO170728	82	7	3.571877043312365e-01	4.721798061378980e+00
PAO191203	81	7	-3.733493759246474e-01	5.038213033259178e+00
PAO151031	81	6	-1.871198174998426e-01	6.251064803639307e+00
PAO110803	81	6	3.811884746622003e-01	6.230068017200148e+00
PAO200505	81	6	-4.790958590172791e-01	6.205641792051184e+00
PAO150627	80	6	-1.258977167466766e+00	4.708747979791593e+00
PAO130127	80	6	-7.265829976802342e-01	4.928758596119596e+00
PAO170401	80	6	3.627432833945031e-01	5.444442387738760e+00
PAO190327	79	10	-3.319664998873373e-01	2.772311206192387e+00
PAO081124	79	6	-1.069621414443997e+00	2.753216549395068e+00
PAO111022	79	6	-6.301507721380023e-01	4.289617288755498e+00
PAO101005	79	6	-1.335477916173624e+00	5.324650453723149e+00
PAO071211	78	6	-7.069855422317571e-01	6.007202161388422e+00
PAO140131	78	9	5.242052043764741e-01	5.214900356026950e+00
PAO090322	72	6	5.492410358316260e-01	4.873745570748793e+00
PAO150912	68	8	-1.641869378767974e-02	5.381809801123912e+00
PAO080703a	46	4	4.246410773462618e-01	6.169739547746497e+00
PAO110527	55	4	6.246745242155780e-01	4.309813510542840e-02
PAO071111	59	7	-2.089694281745403e-01	2.754028588064766e+00
PAO060329	53	4	-8.853168208836099e-02	4.329554072401381e+00
PAO110627	50	4	4.817748510428000e-01	2.712747865479296e-02